0381 0
0363 1
0495 2
1191 3
0955 4
0313 5
0049 6
0329 7
0541 8
0923 9
0973 10
1149 11
1221 12
0399 13
0739 14
0055 15
1283 16
0189 17
0003 18
0113 19
1399 20
1077 21
0475 22
0279 23
1271 24
1089 25
1189 26
0437 27
0989 28
0573 29
0895 30
0409 31
0881 32
1181 33
0625 34
0389 35
1427 36
1227 37
0463 38
1421 39
0405 40
0061 41
1419 42
1057 43
1033 44
0829 45
0903 46
0821 47
0041 48
1117 49
1213 50
1029 51
1153 52
1323 53
0243 54
0281 55
1333 56
0515 57
0303 58
1115 59
0017 60
0935 61
0327 62
0899 63
0357 64
0133 65
0111 66
1477 67
0615 68
0597 69
0781 70
0489 71
0657 72
0583 73
1403 74
0815 75
1081 76
1337 77
0599 78
1023 79
0993 80
1353 81
0375 82
0669 83
0647 84
1359 85
0513 86
0311 87
0177 88
0109 89
1233 90
1395 91
0261 92
1369 93
0439 94
0047 95
1279 96
1047 97
0715 98
0065 99
1413 100
0793 101
0239 102
0175 103
0501 104
0933 105
0035 106
0665 107
1059 108
1497 109
0875 110
0167 111
0441 112
0209 113
0477 114
0483 115
1141 116
0395 117
0719 118
0401 119
0159 120
0699 121
1067 122
1241 123
0855 124
0491 125
0531 126
1335 127
1327 128
0221 129
0289 130
1379 131
0741 132
1111 133
0225 134
0349 135
0695 136
0325 137
0723 138
0565 139
0711 140
0081 141
1329 142
0783 143
0627 144
0751 145
0001 146
0335 147
0767 148
0433 149
1347 150
1231 151
0535 152
0651 153
0575 154
0369 155
1145 156
0581 157
0757 158
0503 159
0321 160
1313 161
0529 162
0397 163
0423 164
1131 165
1179 166
1263 167
1339 168
0195 169
0533 170
0901 171
0521 172
0305 173
1409 174
1183 175
1321 176
1151 177
0191 178
0333 179
1001 180
0869 181
1349 182
0185 183
1245 184
0271 185
1417 186
0763 187
0007 188
1139 189
0623 190
0403 191
0345 192
1261 193
0011 194
0021 195
0617 196
0425 197
0633 198
0619 199
0161 200
0277 201
0537 202
1351 203
0013 204
0995 205
1087 206
1281 207
0983 208
0827 209
0355 210
1217 211
0791 212
0807 213
1273 214
1449 215
0233 216
0551 217
1101 218
0801 219
0153 220
0137 221
1073 222
0255 223
1177 224
0207 225
0429 226
0293 227
0231 228
0703 229
0377 230
0451 231
0407 232
0089 233
0889 234
0759 235
0045 236
0043 237
1157 238
0839 239
0631 240
1303 241
0073 242
1155 243
1143 244
0845 245
0677 246
1235 247
0915 248
0415 249
0675 250
0417 251
0761 252
0115 253
1161 254
1475 255
0737 256
0107 257
0163 258
0443 259
1205 260
1383 261
0237 262
0019 263
1387 264
1085 265
1129 266
1239 267
1031 268
0943 269
0967 270
0201 271
1429 272
1079 273
0487 274
0571 275
0545 276
1445 277
0135 278
0523 279
0219 280
0297 281
0411 282
0671 283
1175 284
1127 285
1163 286
0359 287
1457 288
0179 289
0629 290
1207 291
1331 292
0213 293
1005 294
0269 295
0009 296
1469 297
1253 298
0987 299
1433 300
1287 301
0577 302
0517 303
0097 304
0865 305
0555 306
0347 307
0883 308
0725 309
1135 310
0473 311
0907 312
0851 313
0705 314
0371 315
0343 316
0367 317
1305 318
0273 319
1473 320
0215 321
0693 322
0727 323
1441 324
0873 325
1277 326
1017 327
0419 328
0155 329
0685 330
1249 331
0015 332
0449 333
1309 334
1437 335
0927 336
0589 337
0005 338
0909 339
0743 340
1377 341
0259 342
0103 343
0251 344
0805 345
0997 346
0925 347
0941 348
0609 349
0755 350
0659 351
1471 352
0789 353
0471 354
0773 355
0863 356
1133 357
0885 358
1015 359
0197 360
0481 361
0653 362
0469 363
0295 364
1485 365
1201 366
1269 367
0947 368
0385 369
0453 370
0075 371
0157 372
0037 373
0841 374
0183 375
0147 376
1123 377
0729 378
0667 379
0275 380
1345 381
0567 382
0379 383
1265 384
1021 385
0797 386
0199 387
0557 388
0811 389
0831 390
1391 391
0785 392
0613 393
0769 394
0913 395
0227 396
1009 397
1443 398
0427 399
0547 400
0387 401
0393 402
0101 403
1203 404
1267 405
0123 406
0181 407
0639 408
0067 409
0795 410
0717 411
1137 412
1007 413
0861 414
0837 415
0569 416
0145 417
0365 418
1075 419
1011 420
0283 421
1275 422
0921 423
0931 424
1003 425
1381 426
0645 427
0525 428
0285 429
0461 430
0331 431
1063 432
0553 433
0579 434
0735 435
0911 436
0963 437
0731 438
0235 439
0383 440
1069 441
0641 442
1315 443
1495 444
0203 445
0459 446
1405 447
0691 448
0649 449
1121 450
0309 451
0315 452
0637 453
0787 454
1431 455
1461 456
0193 457
0867 458
1211 459
0859 460
0485 461
0093 462
1385 463
0507 464
1013 465
1065 466
0707 467
1083 468
1455 469
0621 470
0165 471
1493 472
0949 473
0749 474
0605 475
1255 476
0601 477
0447 478
0733 479
0127 480
0435 481
1105 482
1297 483
1159 484
0301 485
1199 486
1293 487
0683 488
0585 489
0543 490
0953 491
0229 492
1027 493
0263 494
0833 495
0413 496
0823 497
1393 498
0809 499
0917 500
0247 501
0679 502
0611 503
0771 504
1365 505
0105 506
1147 507
0527 508
0825 509
0223 510
0361 511
0687 512
0511 513
0139 514
0919 515
0323 516
1113 517
0635 518
0023 519
0799 520
1219 521
0603 522
0819 523
0497 524
1317 525
1019 526
0681 527
0817 528
0421 529
0777 530
1035 531
0091 532
1291 533
1439 534
0661 535
0561 536
1165 537
1243 538
0319 539
0431 540
0985 541
1453 542
0813 543
0445 544
0493 545
0373 546
0241 547
0299 548
1371 549
0351 550
0697 551
0979 552
1185 553
1487 554
0971 555
1173 556
1499 557
0977 558
0753 559
0713 560
1051 561
0595 562
1071 563
0307 564
1097 565
0479 566
1109 567
0939 568
1479 569
0673 570
1107 571
1299 572
0709 573
0499 574
0765 575
0121 576
0267 577
0643 578
0187 579
1257 580
0607 581
1407 582
0257 583
0961 584
1193 585
0689 586
1187 587
1285 588
0457 589
0775 590
1229 591
0519 592
1091 593
0455 594
1095 595
0655 596
0999 597
0341 598
0353 599
0803 600
0721 601
0027 602
0467 603
0505 604
0745 605
0025 606
0051 607
0969 608
1481 609
1397 610
0465 611
1355 612
1491 613
1375 614
0033 615
0591 616
1197 617
1459 618
1225 619
0587 620
1435 621
1223 622
0265 623
0991 624