0000 0
0002 1
0004 2
0006 3
0008 4
0010 5
0012 6
0014 7
0016 8
0018 9
0022 10
0024 11
0026 12
0028 13
0032 14
0034 15
0036 16
0044 17
0046 18
0048 19
0050 20
0052 21
0060 22
0062 23
0064 24
0066 25
0068 26
0072 27
0076 28
0078 29
0080 30
0082 31
0092 32
0094 33
0096 34
0100 35
0104 36
0106 37
0110 38
0112 39
0116 40
0118 41
0120 42
0128 43
0130 44
0132 45
0136 46
0142 47
0144 48
0146 49
0148 50
0150 51
0152 52
0154 53
0156 54
0158 55
0160 56
0162 57
0166 58
0170 59
0172 60
0174 61
0176 62
0178 63
0182 64
0184 65
0186 66
0188 67
0192 68
0194 69
0196 70
0198 71
0200 72
0202 73
0204 74
0206 75
0208 76
0210 77
0216 78
0218 79
0220 80
0222 81
0224 82
0226 83
0228 84
0230 85
0232 86
0236 87
0238 88
0240 89
0242 90
0244 91
0248 92
0252 93
0254 94
0256 95
0258 96
0260 97
0262 98
0264 99
0266 100
0268 101
0270 102
0272 103
0274 104
0276 105
0278 106
0280 107
0282 108
0284 109
0286 110
0288 111
0290 112
0292 113
0294 114
0296 115
0298 116
0300 117
0302 118
0304 119
0306 120
0308 121
0310 122
0312 123
0314 124
0316 125
0318 126
0320 127
0322 128
0324 129
0326 130
0328 131
0330 132
0332 133
0334 134
0336 135
0340 136
0342 137
0344 138
0346 139
0348 140
0350 141
0352 142
0354 143
0358 144
0362 145
0364 146
0366 147
0368 148
0370 149
0372 150
0374 151
0376 152
0378 153
0380 154
0384 155
0386 156
0388 157
0390 158
0394 159
0396 160
0400 161
0402 162
0404 163
0406 164
0408 165
0410 166
0412 167
0414 168
0418 169
0420 170
0422 171
0424 172
0426 173
0428 174
0430 175
0432 176
0434 177
0436 178
0438 179
0440 180
0442 181
0444 182
0446 183
0448 184
0450 185
0452 186
0454 187
0456 188
0458 189
0460 190
0462 191
0464 192
0466 193
0468 194
0470 195
0472 196
0474 197
0476 198
0478 199
0480 200
0482 201
0484 202
0486 203
0488 204
0490 205
0492 206
0494 207
0496 208
0498 209
0500 210
0502 211
0506 212
0508 213
0512 214
0514 215
0516 216
0518 217
0520 218
0522 219
0526 220
0530 221
0534 222
0538 223
0544 224
0546 225
0548 226
0550 227
0552 228
0554 229
0556 230
0558 231
0560 232
0562 233
0564 234
0566 235
0568 236
0570 237
0572 238
0574 239
0578 240
0580 241
0582 242
0584 243
0588 244
0590 245
0592 246
0594 247
0596 248
0598 249
0600 250
0602 251
0604 252
0606 253
0608 254
0610 255
0612 256
0614 257
0616 258
0618 259
0620 260
0622 261
0624 262
0626 263
0628 264
0630 265
0632 266
0634 267
0636 268
0638 269
0640 270
0642 271
0644 272
0646 273
0648 274
0650 275
0652 276
0654 277
0656 278
0658 279
0662 280
0664 281
0666 282
0668 283
0670 284
0672 285
0674 286
0676 287
0678 288
0680 289
0682 290
0684 291
0686 292
0688 293
0690 294
0692 295
0694 296
0696 297
0698 298
0700 299
0702 300
0704 301
0706 302
0708 303
0710 304
0714 305
0716 306
0718 307
0720 308
0722 309
0724 310
0726 311
0728 312
0730 313
0732 314
0734 315
0736 316
0738 317
0740 318
0742 319
0744 320
0746 321
0750 322
0754 323
0756 324
0758 325
0760 326
0762 327
0764 328
0766 329
0768 330
0770 331
0772 332
0774 333
0776 334
0778 335
0780 336
0782 337
0784 338
0786 339
0788 340
0790 341
0792 342
0794 343
0796 344
0798 345
0800 346
0802 347
0804 348
0806 349
0808 350
0810 351
0812 352
0814 353
0816 354
0818 355
0820 356
0822 357
0824 358
0826 359
0828 360
0830 361
0832 362
0834 363
0838 364
0842 365
0844 366
0846 367
0848 368
0850 369
0852 370
0856 371
0858 372
0860 373
0866 374
0868 375
0870 376
0872 377
0874 378
0876 379
0878 380
0880 381
0884 382
0886 383
0888 384
0890 385
0892 386
0894 387
0896 388
0900 389
0902 390
0904 391
0908 392
0910 393
0912 394
0914 395
0916 396
0918 397
0920 398
0922 399
0924 400
0926 401
0930 402
0932 403
0934 404
0936 405
0942 406
0944 407
0946 408
0948 409
0950 410
0952 411
0954 412
0958 413
0960 414
0962 415
0964 416
0966 417
0968 418
0970 419
0972 420
0974 421
0976 422
0978 423
0982 424
0984 425
0986 426
0988 427
0990 428
0992 429
0994 430
0996 431
0998 432
1000 433
1002 434
1004 435
1008 436
1010 437
1012 438
1014 439
1016 440
1018 441
1020 442
1022 443
1024 444
1026 445
1028 446
1030 447
1032 448
1034 449
1038 450
1040 451
1042 452
1044 453
1052 454
1054 455
1058 456
1062 457
1064 458
1068 459
1070 460
1074 461
1076 462
1078 463
1082 464
1084 465
1086 466
1088 467
1090 468
1092 469
1096 470
1098 471
1100 472
1102 473
1104 474
1108 475
1110 476
1112 477
1116 478
1118 479
1120 480
1122 481
1124 482
1126 483
1128 484
1130 485
1132 486
1134 487
1136 488
1138 489
1140 490
1142 491
1144 492
1146 493
1148 494
1150 495
1152 496
1154 497
1156 498
1158 499
1164 500
1172 501
1174 502
1176 503
1178 504
1180 505
1182 506
1184 507
1186 508
1188 509
1190 510
1196 511
1198 512
1200 513
1204 514
1208 515
1214 516
1216 517
1222 518
1224 519
1226 520
1228 521
1230 522
1234 523
1236 524
1238 525
1240 526
1244 527
1248 528
1250 529
1252 530
1254 531
1258 532
1260 533
1262 534
1264 535
1266 536
1268 537
1270 538
1272 539
1274 540
1276 541
1278 542
1280 543
1282 544
1286 545
1288 546
1290 547
1292 548
1294 549
1296 550
1298 551
1300 552
1306 553
1312 554
1314 555
1316 556
1318 557
1320 558
1322 559
1324 560
1326 561
1330 562
1332 563
1336 564
1338 565
1340 566
1342 567
1344 568
1348 569
1350 570
1352 571
1354 572
1358 573
1360 574
1362 575
1364 576
1366 577
1368 578
1370 579
1372 580
1376 581
1378 582
1380 583
1382 584
1384 585
1388 586
1390 587
1392 588
1394 589
1396 590
1398 591
1402 592
1404 593
1406 594
1408 595
1410 596
1412 597
1416 598
1418 599
1420 600
1422 601
1424 602
1428 603
1430 604
1432 605
1434 606
1436 607
1438 608
1440 609
1442 610
1444 611
1448 612
1452 613
1454 614
1456 615
1458 616
1460 617
1464 618
1466 619
1470 620
1472 621
1474 622
1476 623
1478 624
1480 625
1482 626
1484 627
1486 628
1488 629
1490 630
1492 631
1494 632
1496 633
1500 634
2000 635
